N 1 3000
alpha0 3001 6000
alpha1 6001 9000
beta0 9001 12000
beta1 12001 15000
beta2 15001 18000
beta3 18001 21000
beta4 21001 24000
beta5 24001 27000
beta6 27001 30000
beta7 30001 33000
sigma[1] 33001 36000
sigma[2] 36001 39000
psi.sex 39001 42000
r 42001 45000
ro 45001 48000
s[1] 48001 51000
s[2] 51001 54000
s[3] 54001 57000
s[4] 57001 60000
s[5] 60001 63000
s[6] 63001 66000
s[7] 66001 69000
s[8] 69001 72000
s[9] 72001 75000
s[10] 75001 78000
s[11] 78001 81000
s[12] 81001 84000
s[13] 84001 87000
s[14] 87001 90000
s[15] 90001 93000
s[16] 93001 96000
s[17] 96001 99000
s[18] 99001 102000
s[19] 102001 105000
s[20] 105001 108000
s[21] 108001 111000
s[22] 111001 114000
s[23] 114001 117000
s[24] 117001 120000
s[25] 120001 123000
s[26] 123001 126000
s[27] 126001 129000
s[28] 129001 132000
s[29] 132001 135000
s[30] 135001 138000
s[31] 138001 141000
s[32] 141001 144000
s[33] 144001 147000
s[34] 147001 150000
s[35] 150001 153000
s[36] 153001 156000
s[37] 156001 159000
s[38] 159001 162000
s[39] 162001 165000
s[40] 165001 168000
s[41] 168001 171000
s[42] 171001 174000
s[43] 174001 177000
s[44] 177001 180000
s[45] 180001 183000
s[46] 183001 186000
s[47] 186001 189000
s[48] 189001 192000
s[49] 192001 195000
s[50] 195001 198000
s[51] 198001 201000
s[52] 201001 204000
s[53] 204001 207000
s[54] 207001 210000
s[55] 210001 213000
s[56] 213001 216000
s[57] 216001 219000
s[58] 219001 222000
s[59] 222001 225000
s[60] 225001 228000
s[61] 228001 231000
s[62] 231001 234000
s[63] 234001 237000
s[64] 237001 240000
s[65] 240001 243000
s[66] 243001 246000
s[67] 246001 249000
s[68] 249001 252000
s[69] 252001 255000
s[70] 255001 258000
s[71] 258001 261000
s[72] 261001 264000
s[73] 264001 267000
s[74] 267001 270000
s[75] 270001 273000
s[76] 273001 276000
s[77] 276001 279000
s[78] 279001 282000
s[79] 282001 285000
s[80] 285001 288000
s[81] 288001 291000
s[82] 291001 294000
s[83] 294001 297000
s[84] 297001 300000
s[85] 300001 303000
s[86] 303001 306000
s[87] 306001 309000
s[88] 309001 312000
s[89] 312001 315000
s[90] 315001 318000
s[91] 318001 321000
s[92] 321001 324000
s[93] 324001 327000
s[94] 327001 330000
s[95] 330001 333000
s[96] 333001 336000
s[97] 336001 339000
s[98] 339001 342000
s[99] 342001 345000
s[100] 345001 348000
s[101] 348001 351000
s[102] 351001 354000
s[103] 354001 357000
s[104] 357001 360000
s[105] 360001 363000
s[106] 363001 366000
s[107] 366001 369000
s[108] 369001 372000
s[109] 372001 375000
s[110] 375001 378000
s[111] 378001 381000
s[112] 381001 384000
s[113] 384001 387000
s[114] 387001 390000
s[115] 390001 393000
s[116] 393001 396000
s[117] 396001 399000
s[118] 399001 402000
s[119] 402001 405000
s[120] 405001 408000
s[121] 408001 411000
s[122] 411001 414000
s[123] 414001 417000
s[124] 417001 420000
s[125] 420001 423000
s[126] 423001 426000
s[127] 426001 429000
s[128] 429001 432000
s[129] 432001 435000
s[130] 435001 438000
s[131] 438001 441000
s[132] 441001 444000
s[133] 444001 447000
s[134] 447001 450000
s[135] 450001 453000
s[136] 453001 456000
s[137] 456001 459000
s[138] 459001 462000
s[139] 462001 465000
s[140] 465001 468000
s[141] 468001 471000
s[142] 471001 474000
s[143] 474001 477000
s[144] 477001 480000
s[145] 480001 483000
s[146] 483001 486000
s[147] 486001 489000
s[148] 489001 492000
s[149] 492001 495000
s[150] 495001 498000
s[151] 498001 501000
s[152] 501001 504000
s[153] 504001 507000
s[154] 507001 510000
s[155] 510001 513000
s[156] 513001 516000
s[157] 516001 519000
s[158] 519001 522000
s[159] 522001 525000
s[160] 525001 528000
s[161] 528001 531000
s[162] 531001 534000
s[163] 534001 537000
s[164] 537001 540000
s[165] 540001 543000
s[166] 543001 546000
s[167] 546001 549000
s[168] 549001 552000
s[169] 552001 555000
s[170] 555001 558000
s[171] 558001 561000
s[172] 561001 564000
s[173] 564001 567000
s[174] 567001 570000
s[175] 570001 573000
z[1] 573001 576000
z[2] 576001 579000
z[3] 579001 582000
z[4] 582001 585000
z[5] 585001 588000
z[6] 588001 591000
z[7] 591001 594000
z[8] 594001 597000
z[9] 597001 600000
z[10] 600001 603000
z[11] 603001 606000
z[12] 606001 609000
z[13] 609001 612000
z[14] 612001 615000
z[15] 615001 618000
z[16] 618001 621000
z[17] 621001 624000
z[18] 624001 627000
z[19] 627001 630000
z[20] 630001 633000
z[21] 633001 636000
z[22] 636001 639000
z[23] 639001 642000
z[24] 642001 645000
z[25] 645001 648000
z[26] 648001 651000
z[27] 651001 654000
z[28] 654001 657000
z[29] 657001 660000
z[30] 660001 663000
z[31] 663001 666000
z[32] 666001 669000
z[33] 669001 672000
z[34] 672001 675000
z[35] 675001 678000
z[36] 678001 681000
z[37] 681001 684000
z[38] 684001 687000
z[39] 687001 690000
z[40] 690001 693000
z[41] 693001 696000
z[42] 696001 699000
z[43] 699001 702000
z[44] 702001 705000
z[45] 705001 708000
z[46] 708001 711000
z[47] 711001 714000
z[48] 714001 717000
z[49] 717001 720000
z[50] 720001 723000
z[51] 723001 726000
z[52] 726001 729000
z[53] 729001 732000
z[54] 732001 735000
z[55] 735001 738000
z[56] 738001 741000
z[57] 741001 744000
z[58] 744001 747000
z[59] 747001 750000
z[60] 750001 753000
z[61] 753001 756000
z[62] 756001 759000
z[63] 759001 762000
z[64] 762001 765000
z[65] 765001 768000
z[66] 768001 771000
z[67] 771001 774000
z[68] 774001 777000
z[69] 777001 780000
z[70] 780001 783000
z[71] 783001 786000
z[72] 786001 789000
z[73] 789001 792000
z[74] 792001 795000
z[75] 795001 798000
z[76] 798001 801000
z[77] 801001 804000
z[78] 804001 807000
z[79] 807001 810000
z[80] 810001 813000
z[81] 813001 816000
z[82] 816001 819000
z[83] 819001 822000
z[84] 822001 825000
z[85] 825001 828000
z[86] 828001 831000
z[87] 831001 834000
z[88] 834001 837000
z[89] 837001 840000
z[90] 840001 843000
z[91] 843001 846000
z[92] 846001 849000
z[93] 849001 852000
z[94] 852001 855000
z[95] 855001 858000
z[96] 858001 861000
z[97] 861001 864000
z[98] 864001 867000
z[99] 867001 870000
z[100] 870001 873000
z[101] 873001 876000
z[102] 876001 879000
z[103] 879001 882000
z[104] 882001 885000
z[105] 885001 888000
z[106] 888001 891000
z[107] 891001 894000
z[108] 894001 897000
z[109] 897001 900000
z[110] 900001 903000
z[111] 903001 906000
z[112] 906001 909000
z[113] 909001 912000
z[114] 912001 915000
z[115] 915001 918000
z[116] 918001 921000
z[117] 921001 924000
z[118] 924001 927000
z[119] 927001 930000
z[120] 930001 933000
z[121] 933001 936000
z[122] 936001 939000
z[123] 939001 942000
z[124] 942001 945000
z[125] 945001 948000
z[126] 948001 951000
z[127] 951001 954000
z[128] 954001 957000
z[129] 957001 960000
z[130] 960001 963000
z[131] 963001 966000
z[132] 966001 969000
z[133] 969001 972000
z[134] 972001 975000
z[135] 975001 978000
z[136] 978001 981000
z[137] 981001 984000
z[138] 984001 987000
z[139] 987001 990000
z[140] 990001 993000
z[141] 993001 996000
z[142] 996001 999000
z[143] 999001 1002000
z[144] 1002001 1005000
z[145] 1005001 1008000
z[146] 1008001 1011000
z[147] 1011001 1014000
z[148] 1014001 1017000
z[149] 1017001 1020000
z[150] 1020001 1023000
z[151] 1023001 1026000
z[152] 1026001 1029000
z[153] 1029001 1032000
z[154] 1032001 1035000
z[155] 1035001 1038000
z[156] 1038001 1041000
z[157] 1041001 1044000
z[158] 1044001 1047000
z[159] 1047001 1050000
z[160] 1050001 1053000
z[161] 1053001 1056000
z[162] 1056001 1059000
z[163] 1059001 1062000
z[164] 1062001 1065000
z[165] 1065001 1068000
z[166] 1068001 1071000
z[167] 1071001 1074000
z[168] 1074001 1077000
z[169] 1077001 1080000
z[170] 1080001 1083000
z[171] 1083001 1086000
z[172] 1086001 1089000
z[173] 1089001 1092000
z[174] 1092001 1095000
z[175] 1095001 1098000
sex[1] 1098001 1101000
sex[2] 1101001 1104000
sex[3] 1104001 1107000
sex[4] 1107001 1110000
sex[5] 1110001 1113000
sex[6] 1113001 1116000
sex[7] 1116001 1119000
sex[8] 1119001 1122000
sex[9] 1122001 1125000
sex[10] 1125001 1128000
sex[11] 1128001 1131000
sex[12] 1131001 1134000
sex[13] 1134001 1137000
sex[14] 1137001 1140000
sex[15] 1140001 1143000
sex[16] 1143001 1146000
sex[17] 1146001 1149000
sex[18] 1149001 1152000
sex[19] 1152001 1155000
sex[20] 1155001 1158000
sex[21] 1158001 1161000
sex[22] 1161001 1164000
sex[23] 1164001 1167000
sex[24] 1167001 1170000
sex[25] 1170001 1173000
sex[26] 1173001 1176000
sex[27] 1176001 1179000
sex[28] 1179001 1182000
sex[29] 1182001 1185000
sex[30] 1185001 1188000
sex[31] 1188001 1191000
sex[32] 1191001 1194000
sex[33] 1194001 1197000
sex[34] 1197001 1200000
sex[35] 1200001 1203000
sex[36] 1203001 1206000
sex[37] 1206001 1209000
sex[38] 1209001 1212000
sex[39] 1212001 1215000
sex[40] 1215001 1218000
sex[41] 1218001 1221000
sex[42] 1221001 1224000
sex[43] 1224001 1227000
sex[44] 1227001 1230000
sex[45] 1230001 1233000
sex[46] 1233001 1236000
sex[47] 1236001 1239000
sex[48] 1239001 1242000
sex[49] 1242001 1245000
sex[50] 1245001 1248000
sex[51] 1248001 1251000
sex[52] 1251001 1254000
sex[53] 1254001 1257000
sex[54] 1257001 1260000
sex[55] 1260001 1263000
sex[56] 1263001 1266000
sex[57] 1266001 1269000
sex[58] 1269001 1272000
sex[59] 1272001 1275000
sex[60] 1275001 1278000
sex[61] 1278001 1281000
sex[62] 1281001 1284000
sex[63] 1284001 1287000
sex[64] 1287001 1290000
sex[65] 1290001 1293000
sex[66] 1293001 1296000
sex[67] 1296001 1299000
sex[68] 1299001 1302000
sex[69] 1302001 1305000
sex[70] 1305001 1308000
sex[71] 1308001 1311000
sex[72] 1311001 1314000
sex[73] 1314001 1317000
sex[74] 1317001 1320000
sex[75] 1320001 1323000
sex[76] 1323001 1326000
sex[77] 1326001 1329000
sex[78] 1329001 1332000
sex[79] 1332001 1335000
sex[80] 1335001 1338000
sex[81] 1338001 1341000
sex[82] 1341001 1344000
sex[83] 1344001 1347000
sex[84] 1347001 1350000
sex[85] 1350001 1353000
sex[86] 1353001 1356000
sex[87] 1356001 1359000
sex[88] 1359001 1362000
sex[89] 1362001 1365000
sex[90] 1365001 1368000
sex[91] 1368001 1371000
sex[92] 1371001 1374000
sex[93] 1374001 1377000
sex[94] 1377001 1380000
sex[95] 1380001 1383000
sex[96] 1383001 1386000
sex[97] 1386001 1389000
sex[98] 1389001 1392000
sex[99] 1392001 1395000
sex[100] 1395001 1398000
sex[101] 1398001 1401000
sex[102] 1401001 1404000
sex[103] 1404001 1407000
sex[104] 1407001 1410000
sex[105] 1410001 1413000
sex[106] 1413001 1416000
sex[107] 1416001 1419000
sex[108] 1419001 1422000
sex[109] 1422001 1425000
sex[110] 1425001 1428000
sex[111] 1428001 1431000
sex[112] 1431001 1434000
sex[113] 1434001 1437000
sex[114] 1437001 1440000
sex[115] 1440001 1443000
sex[116] 1443001 1446000
sex[117] 1446001 1449000
sex[118] 1449001 1452000
sex[119] 1452001 1455000
sex[120] 1455001 1458000
sex[121] 1458001 1461000
sex[122] 1461001 1464000
sex[123] 1464001 1467000
sex[124] 1467001 1470000
sex[125] 1470001 1473000
sex[126] 1473001 1476000
sex[127] 1476001 1479000
sex[128] 1479001 1482000
sex[129] 1482001 1485000
sex[130] 1485001 1488000
sex[131] 1488001 1491000
sex[132] 1491001 1494000
sex[133] 1494001 1497000
sex[134] 1497001 1500000
sex[135] 1500001 1503000
sex[136] 1503001 1506000
sex[137] 1506001 1509000
sex[138] 1509001 1512000
sex[139] 1512001 1515000
sex[140] 1515001 1518000
sex[141] 1518001 1521000
sex[142] 1521001 1524000
sex[143] 1524001 1527000
sex[144] 1527001 1530000
sex[145] 1530001 1533000
sex[146] 1533001 1536000
sex[147] 1536001 1539000
sex[148] 1539001 1542000
sex[149] 1542001 1545000
sex[150] 1545001 1548000
sex[151] 1548001 1551000
sex[152] 1551001 1554000
sex[153] 1554001 1557000
sex[154] 1557001 1560000
sex[155] 1560001 1563000
sex[156] 1563001 1566000
sex[157] 1566001 1569000
sex[158] 1569001 1572000
sex[159] 1572001 1575000
sex[160] 1575001 1578000
sex[161] 1578001 1581000
sex[162] 1581001 1584000
sex[163] 1584001 1587000
sex[164] 1587001 1590000
sex[165] 1590001 1593000
sex[166] 1593001 1596000
sex[167] 1596001 1599000
sex[168] 1599001 1602000
sex[169] 1602001 1605000
sex[170] 1605001 1608000
sex[171] 1608001 1611000
sex[172] 1611001 1614000
sex[173] 1614001 1617000
sex[174] 1617001 1620000
sex[175] 1620001 1623000
